Time, Volts
5000,590
10000,589
15000,564
20001,540
25001,527
30002,516
35003,509
40003,499
45003,493
50004,489
55005,486
60005,485
65006,483
70006,482
75006,480
80007,479
85008,478
90008,478
95008,477
100009,477
105010,477
110010,478
115011,478
120011,478
125012,478
130013,478
135013,478
140014,479
145014,479
150014,479
155016,479
160016,479
165016,480
170017,480
175017,479
180018,479
185019,479
190019,478
195020,476
200020,477
205021,476
210022,476
215022,475
220022,474
225024,473
230024,474
235024,473
240025,472
245025,472
250025,473
255027,473
260027,472
265028,473
270028,473
275028,473
280030,473
285030,473
290030,473
295031,472
300032,472
305032,474
310033,473
315033,474
320033,474
325035,474
330035,475
335035,475
340036,475
345036,476
350038,474
355038,475
360038,475
365039,475
370039,475
375040,475
380041,475
385041,476
390041,476
395042,476
400043,475
405043,476
410044,476
415044,476
420045,475
425046,475
430046,474
435047,473
440047,473
445047,473
450049,472
455049,472
460049,472
465050,472
470050,472
475051,472
480052,472
485052,472
490053,473
495053,473
500054,474
505055,475
510055,475
515055,477
520056,477
525057,477
530057,478
535058,479
540058,480
545058,480
550060,480
555060,480
560060,480
565061,480
570061,480
575063,480
580063,479
585063,479
590064,479
595064,479
600065,480
605066,479
610066,479
615066,479
620067,479
625068,478
630068,479
635069,479
640069,479
645070,480
650071,480
655071,480
660072,480
665072,480
670072,480
675074,479
680074,478
685074,479
690075,479
695075,480
700076,480
705077,479
710077,480
715078,481
720078,481
725079,480
730080,480
735080,480
740080,480
745081,479
750082,479
755082,480
760083,480
765083,480
770083,479
775085,479
780085,479
785085,480
790086,480
795086,480
800088,480
805088,480
810088,480
815089,481
820089,481
825090,480
830091,480
835091,479
840091,479
845092,479
850093,480
855093,480
860094,481
865094,481
870095,481
875096,481
880096,480
885097,480
890097,479
895097,478
900099,477
905099,478
910099,477
915100,477
920100,477
925101,476
930102,476
935102,476
940102,475
945103,474
950104,474
955105,475
960105,475
965105,476
970106,476
975107,475
980107,475
985108,475
990108,474
995108,474
1000110,474
1005110,474
1010111,474
1015111,475
1020111,474
1025113,474
1030113,473
1035114,473
1040114,473
1045114,473
1050116,473
1055116,474
1060117,475
1065117,474
1070117,474
1075119,474
1080119,474
1085120,474
1090120,473
1095120,473
1100122,473
1105122,473
1110123,473
1115123,472
1120123,473
1125125,473
1130125,473
1135126,472
1140126,473
1145126,473
1150128,473
1155128,473
1160129,473
1165129,472
1170129,472
1175131,473
1180131,474
1185132,473
1190132,473
1195132,473
1200134,472
1205134,472
1210135,473
1215135,472
1220135,472
1225137,473
1230137,473
1235138,473
1240138,472
1245138,472
1250140,472
1255140,472
1260141,472
1265141,471
1270141,471
1275143,471
1280143,471
1285144,470
1290144,470
1295144,470
1300146,470
1305146,471
1310147,471
1315147,471
1320147,470
1325149,488
1330149,495
1335150,557
1340150,588
1345152,610
1350152,592
1355152,638
1360153,648
1365153,690
1370155,687
1375155,730
1380155,747
1385156,757
1390156,766
1395158,772
1400158,778
1405158,782
1410159,785
1415159,787
1420161,788
1425161,790
1430161,789
1435162,790
1440162,791
1445164,791
1450164,792
1455164,793
1460165,793
1465165,794
1470167,795
1475167,797
1480167,797
1485168,797
1490168,798
1495170,798
1500170,799
1505170,799
1510171,799
1515171,799
1520173,799
1525173,798
1530173,799
1535174,799
1540174,798
1545176,798
1550176,798
1555176,797
1560177,798
1565177,797
1570179,798
1575179,797
1580179,797
1585180,795
1590180,796
1595182,795
1600182,794
1605182,794
1610183,792
1615183,793
1620185,793
1625185,793
1630185,793
1635186,792
1640186,792
1645188,791
1650188,791
1655188,791
1660189,790
1665189,790
1670191,789
1675191,790
1680191,789
1685192,789
1690192,789
1695194,788
1700194,788
1705194,788
1710195,788
1715195,787
1720197,787
1725197,786
1730197,786
1735198,786
1740198,786
1745200,786
1750200,786
1755200,785
1760201,786
1765201,786
1770203,786
1775203,785
1780203,786
1785204,784
1790204,783
1795206,784
1800206,783
1805206,782
1810207,782
1815207,781
1820209,780
1825209,779
1830209,779
1835210,778
1840210,778
1845212,778
1850212,777
1855212,777
1860213,777
1865213,776
1870215,775
1875215,776
1880215,776
1885216,775
1890216,775
1895218,775
1900218,775
1905218,775
1910219,775
1915219,774
1920221,774
1925221,774
1930222,774
1935222,773
1940222,773
1945224,773
1950224,771
1955225,772
1960225,771
1965225,770
1970227,770
1975227,770
1980228,770
1985228,770
1990228,769
1995230,768
2000230,768
2005231,768
2010231,767
2015232,767
2020233,767
2025233,767
2030234,767
2035234,766
2040235,767
2045236,765
2050236,766
2055237,765
2060237,765
2065238,764
2070239,764
2075239,764
2080240,764
2085240,764
2090241,763
2095242,763
2100242,763
2105243,763
2110243,763
2115244,766
2120245,764
2125245,764
2130246,764
2135246,763
2140247,763
2145248,763
2150248,762
2155249,762
2160249,761
2165250,760
2170251,759
2175251,758
2180252,753
2185252,751
2190253,751
2195254,750
2200254,750
2205255,750
2210255,750
2215256,750
2220257,749
2225257,749
2230258,748
2235258,748
2240259,748
2245260,749
2250260,749
2255261,748
2260261,747
2265262,747
2270263,747
2275263,747
2280264,746
2285264,746
2290265,745
2295266,744
2300266,742
2305267,740
2310267,740
2315268,739
2320269,739
2325269,739
2330270,739
2335270,739
2340271,738
2345272,738
2350272,738
2355273,738
2360273,738
2365274,738
2370275,738
2375275,738
2380276,737
2385276,736
2390277,736
2395278,735
2400278,735
2405279,735
2410279,734
2415280,734
2420281,733
2425281,734
2430282,733
2435282,733
2440284,733
2445284,732
2450284,732
2455285,731
2460285,730
2465287,730
2470287,729
2475287,728
2480288,728
2485288,727
2490290,726
2495290,726
2500290,725
2505291,725
2510291,725
2515293,726
2520293,726
2525293,725
2530294,726
2535294,727
2540296,726
2545296,726
2550296,726
2555297,725
2560297,724
2565299,724
2570299,723
2575299,722
2580300,722
2585300,721
2590302,720
2595302,720
2600302,719
2605303,720
2610304,719
2615305,718
2620305,721
2625305,724
2630306,724
2635307,725
2640308,726
2645308,726
2650308,726
2655309,726
2660310,726
2665311,726
2670311,725
2675311,726
2680312,725
2685313,724
2690314,724
2695314,725
2700314,724
2705315,724
2710316,723
2715317,723
2720317,722
2725317,722
2730318,722
2735319,722
2740320,721
2745320,721
2750320,721
2755321,720
2760322,719
2765323,718
2770323,719
2775323,719
2780324,718
2785325,718
2790326,718
2795326,718
2800326,717
2805327,717
2810328,717
2815329,716
2820329,716
2825329,715
2830330,715
2835331,714
2840332,714
2845332,714
2850332,714
2855333,713
2860334,713
2865335,713
2870335,714
2875335,712
2880336,712
2885337,711
2890338,712
2895338,711
2900338,711
2905339,711
2910340,711
2915341,711
2920341,710
2925341,710
2930342,709
2935343,709
2940344,709
2945344,708
2950344,708
2955345,708
2960346,707
2965347,707
2970347,706
2975348,706
2980348,705
2985349,704
2990350,704
2995350,703
3000351,703
3005351,702
3010352,702
3015353,701
3020353,702
3025354,701
3030354,701
3035355,701
3040356,701
3045356,701
3050357,702
3055357,700
3060358,700
3065359,700
3070359,700
3075360,700
3080360,700
3085361,700
3090362,699
3095362,699
3100363,699
3105363,699
3110364,699
3115365,699
3120365,699
3125366,698
3130366,698
3135367,697
3140368,697
3145368,697
3150369,697
3155369,697
3160370,696
3165371,696
3170371,696
3175372,696
3180372,695
3185373,695
3190374,694
3195374,694
3200375,693
3205376,692
3210376,692
3215377,692
3220377,691
3225378,691
3230379,691
3235379,691
3240380,691
3245380,691
3250381,691
3255382,691
3260382,691
3265383,691
3270383,691
3275384,690
3280385,691
3285385,690
3290386,690
3295386,690
3300387,688
3305388,686
3310388,685
3315389,685
3320389,684
3325390,684
3330391,683
3335391,683
3340392,683
3345392,682
3350393,682
3355394,681
3360394,681
3365395,680
3370395,680
3375396,679
3380397,678
3385397,678
3390398,677
3395398,677
3400399,676
3405400,677
3410401,676
3415401,675
3420401,676
3425402,675
3430403,675
3435404,675
3440404,676
3445404,675
3450405,675
3455406,675
3460407,675
3465407,675
3470407,675
3475408,675
3480409,675
3485410,674
3490410,674
3495410,674
3500411,673
3505412,673
3510413,673
3515413,673
3520413,672
3525414,672
3530415,671
3535416,671
3540416,672
3545416,674
3550417,674
3555418,674
3560419,675
3565419,675
3570419,674
3575420,674
3580421,674
3585422,674
3590422,674
3595422,673
3600423,673
3605424,673
3610425,672
3615425,672
3620425,671
3625426,671
3630427,670
3635428,670
3640428,670
3645428,670
3650429,669
3655430,669
3660431,669
3665431,668
3670431,668
3675432,668
3680433,668
3685434,668
3690434,668
3695434,668
3700435,668
3705436,668
3710437,667
3715437,667
3720437,667
3725438,666
3730439,665
3735440,667
3740440,666
3745440,665
3750441,665
3755442,665
3760443,664
3765443,664
3770443,664
3775444,664
3780445,663
3785446,663
3790446,663
3795446,662
3800448,662
3805448,662
3810449,663
3815449,662
3820449,661
3825451,659
3830451,658
3835452,660
3840452,658
3845452,658
3850454,658
3855454,658
3860455,659
3865455,658
3870455,658
3875457,657
3880457,657
3885458,657
3890458,657
3895459,656
3900460,656
3905460,655
3910461,655
3915461,655
3920462,655
3925463,655
3930463,654
3935464,654
3940464,655
3945465,654
3950466,653
3955466,653
3960467,653
3965467,653
3970468,654
3975469,655
3980469,655
3985470,655
3990470,655
3995471,655
4000472,654
4005472,654
4010473,653
4015473,653
4020474,654
4025475,652
4030475,652
4035476,651
4040476,651
4045477,650
4050478,649
4055478,650
4060479,649
4065479,649
4070480,649
4075481,649
4080481,649
4085482,648
4090482,649
4095483,649
4100484,649
4105484,648
4110485,648
4115485,648
4120486,647
4125487,646
4130487,646
4135488,645
4140488,645
4145489,645
4150490,644
4155490,644
4160491,643
4165491,643
4170492,643
4175493,643
4180493,642
4185494,642
4190494,641
4195495,641
4200496,640
4205496,641
4210497,641
4215497,641
4220498,640
4225499,640
4230499,641
4235500,641
4240500,641
4245501,640
4250502,640
4255502,640
4260503,640
4265503,640
4270504,639
4275505,638
4280505,638
4285506,638
4290506,638
4295507,638
4300508,638
4305508,638
4310509,639
4315509,639
4320510,639
4325511,639
4330511,638
4335512,638
4340512,638
4345513,638
4350514,637
4355514,637
4360515,637
4365515,636
4370516,637
4375517,637
4380517,636
4385518,637
4390518,636
4395520,636
4400520,635
4405521,635
4410521,635
4415521,635
4420523,635
4425523,635
4430524,635
4435524,635
4440524,634
4445526,634
4450526,634
4455527,634
4460527,634
4465527,634
4470529,634
4475529,633
4480530,633
4485530,633
4490530,633
4495532,633
4500532,632
4505533,632
4510533,631
4515533,632
4520535,631
4525535,631
4530536,631
4535536,630
4540536,631
4545538,631
4550538,630
4555539,630
4560539,630
4565539,630
4570541,629
4575541,629
4580542,629
4585542,629
4590542,628
4595544,628
4600544,628
4605545,627
4610545,627
4615545,627
4620547,627
4625547,626
4630548,626
4635548,626
4640548,625
4645550,625
4650550,625
4655551,625
4660551,625
4665551,625
4670553,625
4675553,625
4680554,624
4685554,624
4690554,623
4695556,623
4700556,623
4705557,623
4710557,622
4715557,622
4720559,622
4725559,622
4730560,622
4735560,622
4740560,622
4745562,622
4750562,621
4755563,621
4760563,621
4765563,621
4770565,621
4775565,621
4780566,621
4785566,621
4790566,621
4795568,620
4800568,620
4805569,620
4810569,619
4815569,619
4820571,619
4825571,619
4830572,618
4835572,617
4840573,617
4845574,617
4850574,618
4855575,618
4860575,617
4865576,618
4870577,617
4875577,617
4880578,617
4885578,617
4890579,616
4895580,616
4900580,617
4905581,615
4910581,615
4915582,615
4920583,615
4925583,615
4930584,615
4935584,614
4940585,614
4945586,614
4950586,614
4955587,613
4960587,613
4965588,613
4970589,613
4975589,613
4980590,613
4985590,613
4990592,613
4995592,613
5000592,612
5005593,613
5010593,612
5015595,612
5020595,612
5025595,612
5030596,612
5035596,611
5040598,611
5045598,611
5050598,611
5055599,611
5060599,610
5065601,610
5070601,610
5075601,610
5080602,609
5085602,609
5090604,609
5095604,609
5100604,608
5105605,607
5110605,607
5115607,607
5120607,607
5125607,608
5130608,608
5135608,608
5140610,608
5145610,608
5150610,608
5155611,608
5160611,608
5165613,608
5170613,607
5175613,608
5180614,607
5185614,607
5190616,607
5195616,606
5200616,606
5205617,606
5210617,605
5215619,605
5220619,605
5225619,604
5230620,605
5235620,604
5240622,604
5245622,604
5250623,604
5255623,604
5260623,604
5265625,603
5270625,604
5275626,602
5280626,602
5285626,601
5290628,600
5295628,600
5300629,599
5305629,599
5310629,599
5315631,599
5320631,600
5325632,600
5330632,600
5335632,600
5340634,599
5345634,599
5350635,599
5355635,599
5360635,599
5365637,598
5370637,598
5375638,598
5380638,598
5385638,597
5390640,597
5395640,598
5400641,598
5405641,598
5410641,598
5415643,598
5420643,598
5425644,597
5430644,597
5435644,597
5440646,597
5445646,597
5450647,597
5455647,597
5460647,598
5465649,597
5470649,597
5475650,597
5480650,596
5485650,596
5490652,596
5495652,596
5500653,595
5505653,595
5510653,594
5515655,595
5520655,594
5525656,594
5530656,594
5535656,594
5540658,594
5545658,594
5550659,594
5555659,594
5560659,594
5565661,593
5570661,593
5575662,593
5580662,593
5585662,593
5590664,593
5595664,592
5600665,592
5605665,593
5610665,593
5615667,592
5620667,592
5625668,593
5630668,592
5635668,592
5640670,592
5645670,592
5650671,591
5655671,591
5660672,591
5665673,591
5670673,591
5675674,591
5680674,591
5685676,591
5690676,591
5695676,591
5700677,590
5705677,590
5710679,590
5715679,590
5720679,589
5725680,589
5730680,589
5735682,589
5740682,589
5745682,588
5750683,589
5755683,588
5760685,588
5765685,588
5770685,588
5775686,587
5780686,587
5785688,588
5790688,588
5795688,587
5800689,587
5805689,587
5810691,587
5815691,587
5820691,586
5825692,586
5830692,586
5835694,586
5840694,586
5845694,587
5850695,586
5855695,586
5860697,586
5865697,585
5870697,585
5875698,585
5880698,585
5885700,585
5890700,585
5895700,585
5900701,584
5905701,585
5910703,585
5915703,584
5920703,584
5925704,584
5930704,584
5935706,583
5940706,583
5945706,583
5950707,583
5955707,583
5960709,583
5965709,582
5970709,582
5975710,582
5980710,582
5985712,582
5990712,581
5995712,581
6000713,581
6005713,581
6010715,581
6015715,581
6020715,580
6025716,580
6030716,580
6035718,580
6040718,580
6045718,580
6050719,580
6055719,579
6060721,579
6065721,580
6070721,579
6075722,580
6080722,579
6085724,579
6090724,579
6095725,579
6100725,579
6105725,579
6110727,579
6115727,579
6120728,578
6125728,578
6130728,578
6135730,578
6140730,577
6145731,577
6150731,577
6155731,577
6160733,577
6165733,577
6170734,576
6175734,577
6180734,576
6185736,576
6190736,576
6195737,576
6200737,576
6205737,576
6210739,575
6215739,575
6220740,575
6225740,575
6230740,575
6235742,575
6240742,575
6245743,574
6250743,574
6255744,574
6260745,575
6265745,575
6270746,575
6275746,574
6280747,574
6285748,574
6290748,574
6295749,574
6300749,574
6305750,573
6310751,574
6315751,573
6320752,573
6325752,573
6330753,573
6335754,573
6340754,572
6345755,572
6350755,572
6355756,572
6360757,572
6365757,572
6370758,572
6375758,573
6380759,571
6385760,571
6390760,572
6395761,571
6400761,572
6405762,571
6410763,572
6415763,571
6420764,571
6425764,571
6430765,571
6435766,571
6440766,570
6445767,570
6450767,570
6455768,570
6460769,569
6465769,569
6470770,569
6475770,569
6480772,569
6485772,569
6490772,569
6495773,569
6500773,569
6505775,569
6510775,569
6515775,568
6520776,568
6525776,568
6530778,568
6535778,567
6540778,567
6545779,567
6550779,568
6555781,567
6560781,567
6565781,567
6570782,567
6575782,566
6580784,566
6585784,567
6590784,567
6595785,567
6600785,566
6605787,566
6610787,566
6615787,566
6620788,566
6625788,566
6630790,566
6635790,566
6640790,566
6645791,566
6650791,565
6655793,565
6660793,565
6665793,565
6670794,565
6675794,564
6680796,564
6685796,564
6690796,564
6695797,564
6700797,564
6705799,564
6710799,564
6715799,564
6720800,564
6725800,564
6730802,564
6735802,564
6740802,563
6745803,564
6750803,563
6755805,563
6760805,563
6765805,563
6770806,562
6775806,562
6780808,562
6785808,562
6790808,562
6795809,561
6800809,561
6805811,561
6810811,561
6815811,562
6820812,561
6825812,561
6830814,561
6835814,561
6840814,560
6845815,560
6850816,560
6855817,560
6860817,560
6865817,560
6870818,560
6875819,560
6880820,559
6885820,559
6890820,560
6895821,559
6900822,559
6905823,559
6910823,559
6915823,559
6920824,559
6925825,559
6930826,559
6935826,558
6940827,558
6945827,558
6950828,558
6955829,558
6960829,558
6965830,558
6970830,558
6975831,558
6980832,558
6985832,558
6990833,558
6995833,557
7000834,558
7005835,558
7010835,558
7015836,558
7020836,557
7025837,557
7030838,557
7035838,557
7040839,557
7045839,557
7050840,557
7055841,557
7060841,556
7065842,556
7070842,556
7075843,556
7080844,556
7085844,556
7090845,556
7095845,556
7100846,556
7105847,556
7110847,556
7115848,556
7120848,555
7125849,556
7130850,555
7135850,555
7140851,555
7145851,554
7150852,555
7155853,554
7160853,555
7165854,555
7170854,554
7175855,554
7180856,554
7185856,554
7190857,554
7195857,554
7200858,554
7205859,554
7210859,554
7215860,554
7220860,553
7225861,553
7230862,554
7235862,554
7240863,554
7245863,553
7250864,553
7255865,553
7260865,553
7265866,553
7270866,553
7275867,553
7280868,553
7285868,553
7290869,553
7295869,552
7300870,553
7305871,552
7310871,552
7315872,553
7320872,552
7325873,551
7330874,551
7335874,551
7340875,551
7345875,551
7350877,551
7355877,551
7360877,550
7365878,550
7370878,550
7375880,550
7380880,550
7385880,550
7390881,550
7395881,549
7400883,549
7405883,549
7410883,549
7415884,549
7420884,549
7425886,549
7430886,549
7435886,549
7440887,549
7445888,549
7450889,548
7455889,548
7460889,548
7465890,548
7470891,548
7475892,548
7480892,548
7485892,549
7490893,548
7495894,548
7500895,548
7505895,548
7510895,547
7515896,548
7520897,548
7525898,548
7530898,548
7535898,547
7540899,548
7545900,547
7550901,547
7555901,548
7560901,547
7565902,547
7570903,547
7575904,547
7580904,547
7585904,547
7590905,547
7595906,547
7600907,546
7605907,547
7610907,547
7615908,546
7620909,546
7625910,546
7630910,546
7635910,546
7640911,546
7645912,545
7650913,546
7655913,546
7660913,546
7665914,546
7670915,546
7675916,546
7680916,546
7685916,546
7690917,545
7695918,545
7700919,545
7705919,545
7710919,545
7715920,545
7720921,545
7725922,545
7730922,544
7735922,545
7740923,545
7745924,544
7750925,544
7755925,544
7760925,544
7765926,544
7770927,544
7775928,544
7780928,544
7785929,544
7790929,543
7795930,543
7800931,543
7805931,543
7810932,543
7815932,543
7820933,542
7825934,542
7830934,542
7835935,542
7840935,542
7845936,542
7850937,542
7855937,543
7860938,542
7865938,543
7870939,542
7875940,542
7880940,542
7885941,542
7890941,542
7895942,542
7900943,542
7905943,542
7910944,542
7915944,542
7920945,543
7925946,542
7930946,542
7935947,542
7940947,542
7945948,542
7950949,541
7955949,542
7960950,541
7965950,541
7970951,542
7975952,541
7980952,540
7985953,540
7990953,540
7995954,540
8000955,540
8005955,540
8010956,540
8015956,540
8020957,540
8025958,540
8030958,539
8035959,540
8040960,540
8045960,539
8050961,539
8055961,539
8060962,539
8065963,541
8070963,539
8075964,539
8080964,539
8085965,539
8090966,539
8095966,539
8100967,539
8105967,539
8110968,539
8115969,539
8120969,539
8125970,538
8130970,538
8135971,538
8140972,538
8145973,538
8150973,539
8155973,538
8160974,538
8165975,538
8170976,537
8175976,537
8180976,537
8185977,537
8190978,538
8195979,537
8200979,537
8205979,536
8210980,537
8215981,537
8220982,537
8225982,536
8230982,536
8235983,536
8240984,536
8245985,536
8250985,536
8255985,536
8260986,536
8265987,536
8270988,535
8275988,536
8280988,535
8285989,535
8290990,535
8295991,535
8300991,535
8305991,535
8310992,535
8315993,535
8320994,535
8325994,535
8330994,535
8335995,535
8340996,535
8345997,534
8350997,535
8355997,534
8360998,535
8365999,535
8371000,534
8376000,534
8381000,535
8386001,534
8391002,534
8396003,534
8401003,534
8406003,534
8411004,534
8416005,534
8421006,534
8426006,533
8431006,533
8436007,533
8441008,533
8446009,533
8451009,533
8456009,533
8461010,533
8466011,533
8471012,533
8476012,532
8481012,533
8486013,533
8491014,532
8496015,533
8501015,532
8506015,532
8511016,532
8516017,532
8521018,532
8526018,532
8531018,532
8536019,532
8541020,532
8546021,532
8551021,531
8556022,532
8561022,531
8566023,532
8571024,531
8576024,531
8581025,531
8586025,531
8591026,531
8596027,531
8601027,531
8606028,531
8611028,531
8616029,531
8621030,530
8626030,530
8631031,530
8636032,530
8641032,530
8646033,530
8651033,530
8656034,530
8661035,530
8666035,529
8671036,530
8676036,529
8681037,529
8686038,529
8691038,529
8696039,529
8701039,529
8706040,529
8711041,529
8716041,529
8721042,528
8726042,530
8731043,529
8736044,529
8741044,529
8746045,528
8751045,528
8756046,529
8761047,528
8766047,528
8771048,528
8776048,528
8781049,528
8786050,528
8791050,528
8796051,528
8801051,528
8806052,528
8811053,527
8816053,527
8821054,527
8826054,527
8831055,527
8836056,527
8841056,527
8846057,527
8851057,527
8856058,527
8861059,527
8866059,527
8871060,527
8876060,526
8881061,526
8886062,527
8891062,526
8896063,527
8901063,527
8906064,526
8911065,527
8916065,526
8921066,526
8926066,526
8931067,526
8936068,526
8941069,526
8946069,526
8951069,526
8956070,526
8961071,526
8966072,526
8971072,526
8976072,526
8981073,526
8986074,526
8991075,526
8996075,525
9001075,525
9006076,525
9011077,525
9016078,526
9021078,526
9026078,525
9031079,525
9036080,525
9041081,525
9046081,525
9051081,525
9056082,525
9061083,525
9066084,525
9071084,525
9076084,525
9081085,525
9086086,525
9091087,525
9096087,525
9101087,525
9106088,524
9111089,524
9116090,524
9121090,524
9126090,524
9131091,524
9136092,524
9141093,524
9146093,524
9151093,524
9156094,524
9161095,524
9166096,524
9171096,524
9176096,524
9181097,524
9186098,524
9191099,524
9196099,524
9201099,524
9206100,524
9211101,524
9216102,524
9221102,524
9226102,523
9231104,523
9236104,524
9241105,523
9246105,523
9251105,523
9256107,523
9261107,523
9266108,523
9271108,523
9276108,523
9281110,522
9286110,522
9291111,524
9296111,522
9301111,522
9306113,522
9311113,522
9316114,522
9321114,522
9326114,522
9331116,522
9336116,522
9341117,522
9346117,522
9351117,522
9356119,522
9361119,522
9366120,522
9371120,522
9376121,522
9381122,521
9386122,521
9391123,521
9396123,521
9401124,521
9406125,521
9411125,521
9416126,521
9421126,521
9426127,521
9431128,521
9436128,521
9441129,521
9446129,520
9451130,521
9456131,521
9461131,521
9466132,520
9471132,521
9476133,521
9481134,521
9486134,521
9491135,521
9496135,521
9501136,520
9506137,520
9511137,520
9516138,520
9521138,520
9526139,520
9531140,520
9536140,520
9541141,520
9546141,520
9551142,520
9556143,520
9561143,520
9566144,520
9571144,520
9576145,520
9581146,520
9586146,519
9591147,520
9596147,520
9601148,519
9606149,519
9611149,520
9616150,519
9621150,519
9626151,519
9631152,519
9636152,519
9641153,519
9646153,519
9651154,519
9656155,519
9661155,519
9666156,519
9671156,518
9676157,518
9681158,518
9686158,518
9691159,518
9696159,518
9701160,518
9706161,518
9711161,518
9716162,518
9721162,518
9726163,518
9731164,518
9736165,518
9741165,518
9746165,517
9751166,517
9756167,517
9761168,517
9766168,517
9771168,518
9776169,517
9781170,517
9786171,517
9791171,517
9796171,517
9801172,517
9806173,517
9811174,517
9816174,517
9821174,517
9826176,517
9831176,517
9836177,517
9841177,517
9846177,517
9851179,517
9856179,517
9861180,516
9866180,517
9871180,516
9876182,516
9881182,516
9886183,516
9891183,516
9896183,516
9901185,516
9906185,518
9911186,516
9916186,516
9921186,516
9926188,516
9931188,516
9936189,516
9941189,516
9946189,516
9951191,516
9956191,516
9961192,516
9966192,517
9971192,516
9976194,517
9981194,516
9986195,516
9991195,515
9996195,516
10001197,516
10006197,516
10011198,516
10016198,516
10021199,516
10026200,515
10031201,515
10036201,515
10041201,515
10046202,515
10051203,515
10056204,515
10061204,515
10066205,515
10071205,515
10076207,515
10081207,515
10086207,515
10091208,515
10096208,515
10101210,515
10106210,515
10111211,515
10116211,514
10121212,514
10126213,514
10131213,514
10136214,514
10141214,514
10146215,514
10151216,514
10156217,514
10161217,514
10166218,514
10171218,514
10176219,514
10181220,514
10186220,514
10191221,514
10196221,514
10201223,514
10206223,514
10211224,514
10216224,514
10221224,514
10226226,514
10231226,514
10236227,514
10241227,514
10246228,514
10251229,514
10256230,513
10261230,514
10266230,514
10271232,513
10276232,513
10281233,514
10286233,513
10291234,513
10296235,513
10301236,515
10306236,513
10311236,513
10316237,513
10321238,513
10326239,513
10331239,513
10336240,513
10341240,512
10346242,512
10351242,513
10356242,513
10361243,512
10366243,512
10371245,513
10376245,513
10381246,513
10386246,512
10391247,513
10396248,513
10401248,513
10406249,513
10411249,513
10416250,513
10421251,513
10426252,512
10431252,512
10436253,512
10441253,512
10446254,512
10451255,512
10456255,512
10461256,512
10466256,512
10471258,512
10476258,512
10481259,512
10486259,512
10491259,512
10496261,512
10501261,512
10506262,512
10511262,512
10516263,512
10521264,512
10526265,511
10531265,512
10536265,512
10541266,512
10546267,512
10551268,512
10556268,511
10561269,511
10566269,511
10571271,511
10576271,511
10581271,511
10586272,511
10591272,511
10596274,511
10601274,511
10606275,510
10611275,511
10616276,511
10621277,511
10626277,511
10631278,511
10636278,511
10641280,511
10646280,511
10651281,511
10656281,510
10661282,511
10666283,511
10671283,511
10676284,511
10681284,511
10686285,511
10691286,511
10696287,511
10701287,510
10706288,510
10711288,510
10716289,510
10721290,510
10726290,510
10731291,510
10736291,510
10741293,510
10746293,510
10751294,510
10756294,510
10761294,510
10766296,510
10771296,510
10776297,510
10781297,510
10786298,510
10791299,510
10796300,510
10801300,510
10806300,510
10811301,510
10816302,510
10821303,510
10826303,510
10831304,510
10836304,509
10841306,509
10846306,509
10851306,509
10856307,509
10861307,509
10866309,509
10871309,509
10876310,510
10881310,509
10886311,509
10891312,509
10896312,509
10901313,509
10906313,509
10911314,509
10916315,509
10921316,509
10926316,509
10931316,509
10936317,509
10941318,509
10946319,509
10951319,509
10956320,508
10961320,508
10966322,509
10971322,508
10976323,508
10981323,508
10986323,508
10991325,510
10996325,508
11001326,508
11006326,508
11011328,508
11016328,508
11021329,508
11026329,509
11031329,508
11036331,508
11041331,508
11046332,508
11051332,508
11056333,508
11061334,508
11066335,508
11071335,508
11076335,508
11081336,508
11086337,508
11091338,508
11096338,508
11101339,508
11106339,508
11111341,507
11116341,508
11121341,508
11126342,507
11131342,507
11136344,507
11141344,507
11146345,507
11151345,507
11156346,507
11161347,507
11166347,507
11171348,507
11176348,507
11181349,507
11186350,507
11191351,507
11196351,508
11201352,507
11206352,507
11211353,507
11216354,507
11221354,507
11226355,507
11231355,507
11236357,507
11241357,507
11246358,507
11251358,507
11256358,507
11261360,507
11266360,507
11271361,507
11276361,506
11281362,506
11286363,507
11291364,506
11296364,507
11301364,506
11306365,507
11311366,506
11316367,507
11321367,506
11326368,506
11331368,506
11336370,506
11341370,506
11346370,506
11351371,506
11356371,507
11361373,506
11366373,506
11371374,507
11376374,506
11381376,506
11386376,507
11391376,506
11396377,506
11401377,506
11406379,506
11411379,506
11416380,506
11421380,506
11426381,506
11431382,506
11436382,506
11441383,506
11446383,505
11451384,505
11456385,506
11461386,505
11466386,505
11471387,506
11476387,505
11481388,506
11486389,505
11491389,505
11496390,505
11501390,505
11506392,505
11511392,505
11516393,505
11521393,505
11526393,505
11531395,505
11536395,505
11541396,505
11546396,505
11551397,505
11556398,505
11561399,505
11566399,505
11571399,504
11576400,505
11581401,504
11586402,504
11591402,504
11596403,504
11601403,504
11606405,504
11611405,504
11616405,505
11621406,504
11626406,504
11631408,504
11636408,504
11641409,504
11646409,504
11651410,504
11656411,504
11661411,504
11666412,504
11671412,504
11676413,504
11681414,504
11686415,504
11691415,504
11696416,504
11701416,504
11706417,503
11711418,503
11716418,503
11721419,503
11726419,503
11731421,503
11736421,503
11741422,503
11746422,503
11751422,503
11756424,503
11761424,503
11766425,503
11771425,503
11776427,503
11781427,503
11786428,503
11791428,503
11796428,503
11801430,503
11806430,503
11811431,503
11816431,503
11821432,503
11826433,503
11831434,503
11836434,503
11841434,503
11846435,503
11851436,502
11856437,503
11861437,503
11866438,504
11871438,503
11876440,503
11881440,503
11886440,503
11891441,504
11896441,503
11901443,503
11906443,503
11911444,502
11916444,503
11921445,503
11926446,503
11931446,503
11936447,503
11941447,503
11946448,503
11951449,503
11956450,503
11961450,503
11966451,503
11971451,503
11976452,502
11981453,504
11986453,503
11991454,502
11996454,503
12001456,502
12006456,503
12011457,503
12016457,503
12021457,502
12026459,502
12031459,503
12036460,503
12041460,502
12046461,503
12051462,503
12056463,502
12061463,502
12066464,502
12071464,502
12076465,502
12081466,502
12086466,502
12091467,502
12096467,502
12101469,502
12106469,502
12111470,502
12116470,502
12121470,502
12126472,502
12131472,502
12136473,502
12141473,502
12146475,502
12151475,502
12156476,502
12161476,502
12166476,502
12171478,502
12176478,502
12181479,502
12186479,502
12191480,501
12196481,502
12201482,502
12206482,502
12211482,502
12216483,501
12221484,501
12226485,502
12231485,502
12236486,501
12241486,501
12246488,501
12251488,501
12256488,501
12261489,501
12266489,501
12271491,501
12276491,501
12281492,501
12286492,501
12291493,501
12296494,501
12301494,502
12306495,501
12311495,501
12316496,501
12321497,501
12326498,501
12331498,501
12336499,501
12341499,501
12346500,501
12351501,501
12356501,501
12361502,501
12366502,501
12371504,501
12376504,501
12381505,500
12386505,501
12391505,501
12396507,501
12401507,500
12406508,500
12411508,500
12416509,500
12421510,501
12426511,501
12431511,500
12436511,500
12441512,500
12446513,500
12451514,500
12456514,500
12461515,500
12466515,500
12471517,501
12476517,500
12481517,500
12486518,500
12491518,500
12496520,501
12501520,501
12506521,500
12511521,501
12516523,500
12521523,500
12526523,500
12531524,501
12536524,500
12541526,500
12546526,500
12551527,500
12556527,500
12561528,500
12566529,500
12571530,500
12576530,500
12581530,500
12586531,500
12591532,500
12596533,500
12601533,500
12606534,500
12611534,500
12616536,500
12621536,500
12626536,500
12631537,500
12636537,500
12641539,500
12646539,500
12651540,500
12656540,499
12661541,500
12666542,499
12671542,500
12676543,500
12681543,499
12686544,500
12691545,499
12696546,500
12701546,500
12706547,500
12711547,499
12716548,500
12721549,499
12726549,500
12731550,499
12736550,499
12741552,501
12746552,499
12751553,499
12756553,500
12761553,499
12766555,499
12771555,499
12776556,499
12781556,499
12786557,499
12791558,499
12796559,499
12801559,499
12806559,499
12811560,499
12816561,499
12821562,499
12826562,499
12831563,499
12836563,499
12841565,499
12846565,499
12851565,499
12856566,500
12861566,499
12866568,499
12871568,499
12876569,499
12881569,499
12886571,499
12891571,499
12896571,499
12901572,499
12906572,499
12911574,499
12916574,499
12921575,499
12926575,499
12931576,499
12936577,499
12941577,499
12946578,499
12951578,499
12956579,499
12961580,499
12966581,499
12971581,499
12976582,499
12981582,499
12986583,499
12991584,499
12996584,499
13001585,499
13006585,499
13011587,499
13016587,498
13021588,499
13026588,499
13031588,499
13036590,499
13041590,499
13046591,499
13051591,499
13056592,498
13061593,499
13066594,498
13071594,499
13076594,498
13081595,498
13086596,498
13091597,497
13096597,496
13101598,496
13106598,494
13111600,493
13116600,493
13121600,491
13126601,491
13131601,490
13136603,490
13141603,489
13146604,488
13151604,488
13156605,488
13161606,487
13166606,487
13171607,487
13176607,488
13181608,488
13186609,488
13191610,489
13196610,489
13201611,489
13206611,489
13211612,488
13216613,489
13221613,489
13226614,488
13231614,488
13236616,487
13241616,487
13246617,488
13251617,487
13256617,488
13261619,488
13266619,488
13271620,489
13276620,489
13281622,488
13286622,489
13291623,490
13296623,489
13301623,489
13306625,490
13311625,490
13316626,490
13321626,491
